2
7
0110100
0110101
1110101
0000111
0100000
0111110
0111000
24
100000000000000000000000
011000000000000000000000
000111000000000000000000
000000111100000000000000
000000000011111000000000
000000000000000111111000
111111100000000000000000
000000011111111000000000
000000000000000000000000
111111111000000000000000
000000000111111111100000
000000000000000000000000
111111111110000000000000
000000000001111111111100
000000000000000000000000
111110011111110000000000
000010011000110000001111
000010011111100000001111
000010000000000011111111
111110000000000000000000
000000111111110000000000
000000100000010000011111
000000100000010000011111
000000100000010000011111
